﻿תאריך,נייר/תנועה,מס' נייר/תנועה,פעולה,כמות,מחיר,זכות נטו,חובה נטו,עמלה,יתרה,אסמכתא
18 ביוני 2017,14  הפקדה לבנק,900,העברה,0,0,30000,0,0,30000,262943
19 ביוני 2017,14  הפקדה לבנק,900,העברה,0,0,6000,0,0,36000,262946
26 ביוני 2017,"IWVL LN  ע.מט""ח",99028,מש/עמל,30,353.6,0,0,0,36000,0
26 ביוני 2017,IWVL L $התחיבות,99218,משיכה,1495.66,353.6,0,0,0,36000,77001
26 ביוני 2017,קסם ממשל 5-2 שנ,5113329,קניה,4832,111.79,0,5406.69,5,30593.31,5555
26 ביוני 2017,"125 תכלית ת""א",5114657,קניה,3139,115.14,0,3619.24,5,26974.07,5555
26 ביוני 2017,S&P 500 איביאי,5117601,קניה,2660,169.02,0,4500.93,5,22473.14,5555
26 ביוני 2017,S&P 500 איביאי,5117601,קניה,2660,168.99,0,4500.13,5,17973.01,0
26 ביוני 2017,S&P 500 איביאי,5117601,קניה,-2660,169.02,0,-4500.93,-5,22473.94,0
26 ביוני 2017,RUSSEL 2000 MTF,5118344,קניה,2596,139.16,0,3617.59,5,18856.35,5555
26 ביוני 2017,RUSSEL 2000 MTF,5118344,קניה,-2596,139.16,0,-3617.59,-5,22473.94,0
26 ביוני 2017,RUSSEL 2000 MTF,5118344,קניה,2596,139.89,0,3636.54,5,18837.4,0
26 ביוני 2017,MSCI איביאי סל,5119318,קניה,2651,102.37,0,2718.83,5,16118.57,5555
26 ביוני 2017,MSCI איביאי סל,5119318,קניה,-2651,102.37,0,-2718.83,-5,18837.4,0
26 ביוני 2017,MSCI איביאי סל,5119318,קניה,2651,103.74,0,2755.15,5,16082.25,0
26 ביוני 2017,איביאי ריט ארהב,5122692,קניה,3122,115.35,0,3606.23,5,12476.02,5555
26 ביוני 2017,איביאי ריט ארהב,5122692,קניה,-3122,115.35,0,-3606.23,-5,16082.25,0
26 ביוני 2017,איביאי ריט ארהב,5122692,קניה,3122,117.84,0,3683.96,5,12398.29,0
26 ביוני 2017,2ר.קבע5-2 ס MTF,5122973,קניה,5319,101.53,0,5405.38,5,6992.91,5555
26 ביוני 2017,ISHARES E(IWVL),60430493,"ק/חו""ל",53,2822,0,0,0,6992.91,77001
27 ביוני 2017,B USD/ILS 3.544,99028,קניה,1525.66,354.46,0,5407.92,0,1584.99,0
27 ביוני 2017,טבע,629014,ק/רצף,14,11560,0,1620.75,2.35,-35.76,629014
28 ביוני 2017,IWVL L   $ דולר,99028,משיכה,1495.66,353.6,0,0,0,-35.76,77001
28 ביוני 2017,IWVL L $התחיבות,99218,משיכה,-1495.66,353.6,0,0,0,-35.76,77001
31 ביולי 2017,31/07/17 דמי שימוש/ניהול חשבון,900,ד.טפול,0,0,0,15,0,-50.76,0
31 ביולי 2017,מגן מס,9992983,הפקדה,3.74,100,0,0,0,-50.76,0
31 באוג׳ 2017,31/08/17 דמי שימוש/ניהול חשבון,900,ד.טפול,0,0,0,15,0,-65.76,0
31 באוג׳ 2017,מגן מס,9992983,הפקדה,3.75,100,0,0,0,-65.76,0
14 בספט׳ 2017,טבע,629014,דיבדנד,0,0,3.63,0,0,-62.13,0
14 בספט׳ 2017,17  -מס תקבולים,9992975,הפקדה,0.64,100,0,0,0,-62.13,0
14 בספט׳ 2017,מס לשלם,9992983,משיכה,1.07,100,0,0,0,-62.13,0
30 בספט׳ 2017,30/09/17 דמי שימוש/ניהול חשבון,900,ד.טפול,0,0,0,15,0,-77.13,0
30 בספט׳ 2017,17  -מס תקבולים,9992975,מכירה,0.64,100,0.64,0,0,-76.49,9992975
30 בספט׳ 2017,מגן מס,9992983,הפקדה,3.75,100,0,0,0,-76.49,0
31 באוק׳ 2017,31/10/17 דמי שימוש/ניהול חשבון,900,ד.טפול,0,0,0,15,0,-91.49,0
31 באוק׳ 2017,מגן מס,9992983,הפקדה,3.75,100,0,0,0,-91.49,0
30 בנוב׳ 2017,30/11/17 דמי שימוש/ניהול חשבון,900,ד.טפול,0,0,0,15,0,-106.49,0
30 בנוב׳ 2017,מגן מס,9992983,הפקדה,3.75,100,0,0,0,-106.49,0
11 בדצמ׳ 2017,14  הפקדה לבנק,900,העברה,0,0,30000,0,0,29893.51,78391
12 בדצמ׳ 2017,טבע,629014,דיבדנד,0,0,3.54,0,0,29897.05,0
12 בדצמ׳ 2017,17  -מס תקבולים,9992975,הפקדה,0.63,100,0,0,0,29897.05,0
12 בדצמ׳ 2017,מס לשלם,9992983,משיכה,1.04,100,0,0,0,29897.05,0
13 בדצמ׳ 2017,"125 תכלית ת""א",5114657,קניה,4159,117.41,0,4888.08,5,25008.97,5555
13 בדצמ׳ 2017,S&P 500 איביאי,5117601,קניה,4020,185.69,0,7470.71,5.97,17538.26,5555
13 בדצמ׳ 2017,S&P 500 איביאי,5117601,קניה,-4020,185.69,0,-7470.71,-5.97,25008.97,0
13 בדצמ׳ 2017,S&P 500 איביאי,5117601,קניה,4020,186.37,0,7498.06,5.99,17510.91,0
13 בדצמ׳ 2017,RUSSEL 2000 MTF,5118344,קניה,7874,150.87,0,11889,9.5,5621.91,1551
13 בדצמ׳ 2017,RUSSEL 2000 MTF,5118344,קניה,-7874,150.87,0,-11889,-9.5,17510.91,0
13 בדצמ׳ 2017,RUSSEL 2000 MTF,5118344,קניה,7874,152.3,0,12001.69,9.59,5509.22,0
13 בדצמ׳ 2017,MSCI איביאי סל,5119318,קניה,5041,113.14,0,5708.39,5,-199.17,5555
13 בדצמ׳ 2017,MSCI איביאי סל,5119318,קניה,-5041,113.14,0,-5708.39,-5,5509.22,0
13 בדצמ׳ 2017,MSCI איביאי סל,5119318,קניה,5041,114.9,0,5797.11,5,-287.89,0
14 בדצמ׳ 2017,14  הפקדה לבנק,900,העברה,0,0,20000,0,0,19712.11,78954
18 בדצמ׳ 2017,"IWVL LN  ע.מט""ח",99028,מש/עמל,30,351.3,0,0,0,19712.11,0
18 בדצמ׳ 2017,IWVL L $התחיבות,99218,משיכה,1973.46,351.3,0,0,0,19712.11,77001
18 בדצמ׳ 2017,קסם ממשל 5-2 שנ,5113329,קניה,6664,112.69,0,7515.67,6.01,12196.44,5555
18 בדצמ׳ 2017,RUSSEL 2000 MTF,5118344,מכירה,4745,149.61,7093.31,0,5.68,19289.75,5555
18 בדצמ׳ 2017,RUSSEL 2000 MTF,5118344,מכירה,-4745,149.61,-7093.31,0,-5.68,12196.44,0
18 בדצמ׳ 2017,RUSSEL 2000 MTF,5118344,מכירה,4745,152.9,7249.31,0,5.8,19445.75,0
18 בדצמ׳ 2017,איביאי ריט ארהב,5122692,קניה,4398,115.61,0,5089.53,5,14356.22,5555
18 בדצמ׳ 2017,איביאי ריט ארהב,5122692,קניה,-4398,115.61,0,-5089.53,-5,19445.75,0
18 בדצמ׳ 2017,איביאי ריט ארהב,5122692,קניה,4398,117.56,0,5175.29,5,14270.46,0
18 בדצמ׳ 2017,2ר.קבע5-2 ס MTF,5122973,קניה,6819,102.68,0,7007.35,5.6,7263.11,5555
18 בדצמ׳ 2017,מס עתידי,9992985,משיכה,45.31,100,0,0,0,7263.11,0
18 בדצמ׳ 2017,ISHARES E(IWVL),60430493,"ק/חו""ל",62,3183,0,0,0,7263.11,77001
19 בדצמ׳ 2017,מס לשלם,9992983,משיכה,83.45,100,0,0,0,7263.11,0
19 בדצמ׳ 2017,מס עתידי,9992985,הפקדה,45.31,100,0,0,0,7263.11,0
20 בדצמ׳ 2017,B USD/ILS 3.526,99028,קניה,2003.46,352.68,0,7065.77,0,197.34,0
20 בדצמ׳ 2017,IWVL L   $ דולר,99028,משיכה,1973.46,351.3,0,0,0,197.34,77001
20 בדצמ׳ 2017,IWVL L $התחיבות,99218,משיכה,-1973.46,351.3,0,0,0,197.34,77001
31 בדצמ׳ 2017,31/12/17 דמי שימוש/ניהול חשבון,900,ד.טפול,0,0,0,15,0,182.34,0
31 בדצמ׳ 2017,31/12/17 ביטול דמי שימוש שגוי,900,ד.טפול,0,0,0,-15,0,197.34,0
31 בדצמ׳ 2017,17  -מס תקבולים,9992975,מכירה,0.63,100,0.63,0,0,197.97,9992975
31 בדצמ׳ 2017,מס ששולם,9992983,קניה,66.82,100,0,66.82,0,131.15,0